name: atire
channels:
- meznom
- conda-forge
- anaconda
- defaults
dependencies:
- _tflow_180_select=1.0=gpu
- absl-py=0.2.2=py36_0
- asn1crypto=0.24.0=py36_0
- astor=0.6.2=py36_0
- bleach=1.5.0=py36_0
- boto=2.48.0=py36h6e4cd66_1
- boto3=1.7.32=py36_0
- botocore=1.10.32=py36_0
- bz2file=0.98=py36_0
- cffi=1.11.5=py36h9745a5d_0
- chardet=3.0.4=py36h0f667ec_1
- cryptography=2.2.2=py36h14c3975_0
- cudatoolkit=9.0=h13b8566_0
- cudnn=7.1.2=cuda9.0_0
- cupti=9.0.176=0
- docutils=0.14=py36hb0f60f5_0
- gast=0.2.0=py36_0
- gensim=3.4.0=py36h3010b51_0
- grpcio=1.12.0=py36hdbcaa40_0
- html5lib=0.9999999=py36_0
- idna=2.6=py36h82fb2a8_1
- intel-openmp=2018.0.3=0
- jmespath=0.9.3=py36hd3948f9_0
- libprotobuf=3.5.2=h6f1eeef_0
- markdown=2.6.11=py36_0
- mkl=2018.0.3=1
- protobuf=3.5.2=py36hf484d3e_0
- pycparser=2.18=py36hf9f622e_1
- pyopenssl=18.0.0=py36_0
- pysocks=1.6.8=py36_0
- python-dateutil=2.7.3=py36_0
- requests=2.18.4=py36he2e5f8d_1
- s3transfer=0.1.13=py36_0
- scipy=1.1.0=py36hfc37229_0
- six=1.11.0=py36h372c433_1
- smart_open=1.5.7=py36_0
- tensorboard=1.8.0=py36hf484d3e_0
- tensorflow=1.8.0=hb11d968_0
- tensorflow-base=1.8.0=py36hc1a7637_0
- tensorflow-gpu=1.8.0=h7b35bdc_0
- termcolor=1.1.0=py36_1
- urllib3=1.22=py36hbe7ace6_0
- werkzeug=0.14.1=py36_0
- boost=1.67.0=py36_0
- boost-cpp=1.67.0=0
- bzip2=1.0.6=1
- gettext=0.19.8.1=0
- glib=2.55.0=0
- icu=58.2=0
- libiconv=1.15=0
- pcre=8.41=1
- pkg-config=0.29.2=1
- ca-certificates=2018.03.07=0
- certifi=2018.4.16=py36_0
- libedit=3.1.20170329=h6b74fdf_2
- libffi=3.2.1=hd88cf55_4
- libgcc-ng=7.2.0=hdf63c60_3
- libgfortran-ng=7.2.0=hdf63c60_3
- libopenblas=0.2.20=h9ac9557_7
- libstdcxx-ng=7.2.0=hdf63c60_3
- ncurses=6.1=hf484d3e_0
- numpy=1.14.3=py36h28100ab_2
- numpy-base=1.14.3=py36h0ea5e3f_1
- openssl=1.0.2o=h20670df_0
- pip=10.0.1=py36_0
- python=3.6.5=hc3d631a_2
- readline=7.0=ha6073c6_4
- setuptools=39.2.0=py36_0
- sqlite=3.23.1=he433501_0
- tk=8.6.7=hc745277_3
- wheel=0.31.1=py36_0
- xz=5.2.4=h14c3975_4
- zlib=1.2.11=ha838bed_2
- boost-python=1.55.0=1
- pip:
  - cycler==0.10.0
  - kiwisolver==1.0.1
  - matplotlib==2.2.3
  - pandas==0.23.4
  - pyparsing==2.2.0
  - pytz==2018.5
  - smart-open==1.5.7
prefix: /data2/johnny-lee/anaconda3/envs/atire

